 100
 1 25000000
 40 30 10
 10
 1 27 9 2 1
 2 23 16 1 1
 3 24 7 6 1
 4 18 7 4 1
 5 11 11 5 1
 6 9 4 2 1
 7 6 5 2 1
 8 14 14 12 1
 9 13 11 7 1
 10 25 12 5 1
 2 2555555555
 40 30 10
 10
 1 18 15 8 1
 2 19 15 9 2
 3 20 17 4 2
 4 16 1 1 2
 5 10 9 3 2
 6 24 16 1 1
 7 10 2 1 2
 8 23 12 5 1
 9 21 7 5 1
 10 14 10 4 2
 3 25555
 40 30 20
 10
 1 37 15 2 3
 2 13 9 4 2
 3 7 6 2 3
 4 9 7 3 2
 5 22 16 4 2
 6 20 13 3 3
 7 16 16 1 2
 8 21 12 4 2
 9 33 4 2 2
 10 12 5 4 2
 4 255555
 40 30 20
 10
 1 24 13 1 2
 2 10 5 4 2
 3 24 11 7 2
 4 22 17 4 3
 5 16 15 3 2
 6 20 18 1 2
 7 21 17 4 2
 8 20 11 7 2
 9 20 8 6 2
 10 18 10 3 3