 120
 1 2502333333
 4 4 3
 2
 1 2 1 1 5
 2 1 1 1 5
 2 250233333333
 4 4 3
 1
 1 1 1 1 13
 3 25033333333333
 4 4 3
 1
 1 1 1 1 6
 4 250433333333333
 5 5 3
 1
 1 1 1 1 13
 5 250250533333333
 810 460 3
 3
 1 108 76 30 40
 2 110 43 25 33
 3 92 81 55 39
 6 250250533333333
 40 30 10
 4
 1 20 10 12 1
 2 12 8 5 3
 3 22 6 6 2
 4 9 25 4 2
 7 25000000
 40 30 10
 10
 1 27 9 2 1
 2 23 16 1 1
 3 24 7 6 1
 4 18 7 4 1
 5 11 11 5 1
 6 9 4 2 1
 7 6 5 2 1
 8 14 14 12 1
 9 13 11 7 1
 10 25 12 5 1
 8 2555555555
 40 30 10
 5
 1 35 9 5 1
 2 18 17 12 2
 3 14 6 2 2
 4 8 7 2 5
 5 15 4 1 1
 9 2555555555
 40 30 10
 10
 1 18 15 8 1
 2 19 15 9 2
 3 20 17 4 2
 4 16 1 1 2
 5 10 9 3 2
 6 24 16 1 1
 7 10 2 1 2
 8 23 12 5 1
 9 21 7 5 1
 10 14 10 4 2
 10 第十个
 40 30 10
 10
 1 14 8 5 1
 2 20 7 5 2
 3 31 19 9 2
 4 24 5 3 1
 5 26 24 2 1
 6 30 11 9 2
 7 26 19 7 1
 8 22 18 4 2
 9 27 19 2 2
 10 12 11 11 1
 11 第11个
 40 30 10
 15
 1 14 8 5 1
 2 20 7 5 2
 3 31 19 9 2
 4 24 5 3 1
 5 26 24 2 1
 6 30 11 9 2
 7 26 19 7 1
 8 22 18 4 2
 9 27 19 2 2
 10 12 11 11 1
 11 14 13 2 1
 12 9 3 1 1
 13 32 19 3 1
 14 13 10 3 2
 15 14 8 3 1
 12 第12个
 40 30 10
 15
 1 20 8 6 1
 2 21 11 5 1
 3 18 15 4 1
 4 9 7 4 1
 5 22 13 4 1
 6 22 5 3 2
 7 21 3 2 1
 8 16 16 11 1
 9 13 11 3 1
 10 22 12 2 1
 11 16 12 6 2
 12 34 5 3 2
 13 20 17 12 2
 14 29 21 8 1
 15 20 6 1 1
 13 第13个
 40 30 10
 15
 1 15 11 7 1
 2 28 12 9 1
 3 19 11 6 2
 4 28 8 1 2
 5 11 3 1 1
 6 30 9 8 2
 7 18 17 1 2
 8 23 1 1 1
 9 33 22 2 2
 10 22 14 12 2
 11 20 14 9 1
 12 25 10 3 2
 13 19 4 3 1
 14 28 4 1 2
 15 15 8 5 2
 14 第14个
 40 30 10
 15
 1 19 10 8 1
 2 16 9 1 2
 3 23 16 7 1
 4 24 13 4 2
 5 9 8 4 2
 6 10 6 6 1
 7 21 12 8 1
 8 15 13 11 1
 9 21 19 1 1
 10 24 17 11 2
 11 35 5 2 1
 12 8 7 5 1
 13 32 18 2 1
 14 28 17 5 2
 15 13 8 1 1
 15 第15个
 40 30 10
 5
 1 19 9 5 4
 2 19 8 1 3
 3 19 17 9 4
 4 20 16 12 4
 5 12 9 5 2
 16 第16
 3 3 3
 1
 1 1 1 1 6
