 100
 1 2555555555
 40 30 10
 5
 1 35 9 5 1
 2 18 17 12 2
 3 14 6 2 2
 4 8 7 2 5
 5 15 4 1 1
 2 第2个
 40 30 10
 5
 1 22 4 4 1
 2 12 6 1 1
 3 21 17 8 1
 4 20 12 9 2
 5 14 13 13 2
 3 第3个
 40 30 10
 5
 1 23 11 1 1
 2 17 16 12 1
 3 9 7 5 1
 4 18 4 1 2
 5 16 7 5 2
 4 第4个
 40 30 25
 5
 1 14 12 8 2
 2 16 11 5 5
 3 26 18 5 4
 4 13 4 3 2
 5 17 9 6 5
 5 第5个
 40 30 25
 5
 1 19 9 5 4
 2 19 8 1 3
 3 19 17 9 4
 4 20 16 12 4
 5 12 9 5 2
 6 第6个
 40 30 15
 5
 1 17 14 3 3
 2 18 13 12 3
 3 24 20 1 3
 4 22 6 3 2
 5 31 22 4 3
 7 第7个
 40 30 15
 2
 1 5 5 4 20
 2 4 4 3 20
 8 第8个
 40 30 15
 2
 1 5 5 4 20
 2 8 8 3 20